1761502349684 0.1 1
1761502370925 0.1 2
1761502393487 0.1 3
1761502414335 0.1 4
1761502432486 0.1 5
1761502451788 0.05 6
1761502470987 0.05 7
1761502491044 0.05 8
1761502513180 0.025 9
1761502534103 0.025 10
1761502554690 0.025 11
1761502576595 0.025 12
1761502597686 0.025 13
1761502618327 0.0125 14
1761502640304 0.0125 15
1761502660330 0.0125 16
1761502680845 0.0125 17
1761502701400 0.0125 18
1761502722101 0.00625 19
1761502743236 0.00625 20
1761502764699 0.00625 21
1761502788537 0.003125 22
1761502809111 0.003125 23
1761502829779 0.003125 24
1761502851037 0.003125 25
1761502872959 0.003125 26
1761502894222 0.003125 27
1761502915166 0.003125 28
1761502936229 0.0015625 29
1761502957362 0.0015625 30
1761502978086 0.0015625 31
1761502998674 0.00078125 32
1761503020003 0.00078125 33
1761503042101 0.00078125 34
1761503062687 0.000390625 35
1761503083326 0.000390625 36
1761503104627 0.000390625 37
1761503124986 0.0001953125 38
1761503145049 0.0001953125 39
1761503164321 0.0001953125 40
1761503183076 9.765625e-05 41
