1761502349684 0.17314522014108488 1
1761502370925 0.2851775586142119 2
1761502393487 0.0 3
1761502414335 0.0 4
1761502432486 0.15888077858880778 5
1761502451788 0.11280521489338195 6
1761502470987 0.0 7
1761502491044 0.21148551592051712 8
1761502513180 0.0891806951488938 9
1761502534103 0.3568518585283196 10
1761502554690 0.22809221582287775 11
1761502576595 0.3640341438921168 12
1761502597686 0.37563598311261864 13
1761502618327 0.31562640829202343 14
1761502640304 0.342649217221135 15
1761502660330 0.3061603953613544 16
1761502680845 0.24979768006474237 17
1761502701400 0.38450568510310273 18
1761502722101 0.33132997843278217 19
1761502743236 0.3730004433984788 20
1761502764699 0.4231054060725747 21
1761502788537 0.40029082683685424 22
1761502809111 0.4174486866349574 23
1761502829779 0.4301044083526682 24
1761502851037 0.3925575720603935 25
1761502872959 0.3763806877387982 26
1761502894222 0.38881614418855426 27
1761502915166 0.39820606632833705 28
1761502936229 0.3787094730172141 29
1761502957362 0.3942347809596055 30
1761502978086 0.40421018929843516 31
1761502998674 0.4163775750567476 32
1761503020003 0.4047297833505277 33
1761503042101 0.4183320942843399 34
1761503062687 0.4256705493818896 35
1761503083326 0.42215503264537046 36
1761503104627 0.4282378794121687 37
1761503124986 0.433243409531923 38
1761503145049 0.4236569480264021 39
1761503164321 0.42799656372925804 40
1761503183076 0.4294903964596925 41
