1761502349684 0.5166666739220507 1
1761502370925 0.7362335792877722 2
1761502393487 0.49652874574605743 3
1761502414335 0.5 4
1761502432486 0.6783970023659718 5
1761502451788 0.479260929112598 6
1761502470987 0.6172299414133454 7
1761502491044 0.7248158396762637 8
1761502513180 0.454948768996561 9
1761502534103 0.8247619014812094 10
1761502554690 0.7382165013554873 11
1761502576595 0.8117513994708958 12
1761502597686 0.8414675340322055 13
1761502618327 0.8232008341626746 14
1761502640304 0.8315430092391616 15
1761502660330 0.8493604980360144 16
1761502680845 0.8223683506547017 17
1761502701400 0.8409991637355277 18
1761502722101 0.8475317226331015 19
1761502743236 0.8570947483798241 20
1761502764699 0.8526141642501386 21
1761502788537 0.8494316538697632 22
1761502809111 0.8563325177721273 23
1761502829779 0.8562705232060476 24
1761502851037 0.8551039982908437 25
1761502872959 0.8571689191874866 26
1761502894222 0.8557856212106416 27
1761502915166 0.8568764928817854 28
1761502936229 0.8568476591320014 29
1761502957362 0.859517237611783 30
1761502978086 0.8591330750466342 31
1761502998674 0.8576772156213561 32
1761503020003 0.8600467819295722 33
1761503042101 0.8606278719470526 34
1761503062687 0.8603884826843061 35
1761503083326 0.8611972371896868 36
1761503104627 0.8616995576736002 37
1761503124986 0.8610699324769093 38
1761503145049 0.8624097309935285 39
1761503164321 0.8621300014243525 40
1761503183076 0.8622837283531262 41
