1761502349684 0.09593121201094354 1
1761502370925 0.20076297049847405 2
1761502393487 0.0 3
1761502414335 0.0 4
1761502432486 0.15512531179474998 5
1761502451788 0.06342895304952863 6
1761502470987 0.0 7
1761502491044 0.12016459505874752 8
1761502513180 0.05942113119920385 9
1761502534103 0.25101440454453233 10
1761502554690 0.13121832175708653 11
1761502576595 0.2555259050400282 12
1761502597686 0.26432053625837904 13
1761502618327 0.2038714841902267 14
1761502640304 0.22699833893773042 15
1761502660330 0.19045444860438926 16
1761502680845 0.14595242098184263 17
1761502701400 0.27828609685338096 18
1761502722101 0.2153322867608582 19
1761502743236 0.2567377218518171 20
1761502764699 0.35025339218571194 21
1761502788537 0.29606835564053535 22
1761502809111 0.31803342909375815 23
1761502829779 0.35122759927370334 24
1761502851037 0.28274839347503705 25
1761502872959 0.2608695652173913 26
1761502894222 0.2813039843967679 27
1761502915166 0.29089550523048624 28
1761502936229 0.2638575492985382 29
1761502957362 0.28330789358918446 30
1761502978086 0.29765413179299777 31
1761502998674 0.3171320459290188 32
1761503020003 0.29683953204120833 33
1761503042101 0.3221743230499798 34
1761503062687 0.3315028499930488 35
1761503083326 0.32547297297297295 36
1761503104627 0.33837360729272176 37
1761503124986 0.3491760756789747 38
1761503145049 0.32619816908993 39
1761503164321 0.3357690124858116 40
1761503183076 0.33868182472298175 41
