1761502349684 0.43346666666666667 1
1761502370925 0.8351083333333333 2
1761502393487 0.9331583333333333 3
1761502414335 0.9331583333333333 4
1761502432486 0.8847666666666667 5
1761502451788 0.4646666666666667 6
1761502470987 0.9331583333333333 7
1761502491044 0.56085 8
1761502513180 0.756075 9
1761502534103 0.8513416666666667 10
1761502554690 0.6057416666666666 11
1761502576595 0.8522333333333333 12
1761502597686 0.8558083333333333 13
1761502618327 0.7975166666666667 14
1761502640304 0.82085 15
1761502660330 0.7636666666666667 16
1761502680845 0.652375 17
1761502701400 0.866925 18
1761502722101 0.806225 19
1761502743236 0.8468083333333334 20
1761502764699 0.902625 21
1761502788537 0.876275 22
1761502809111 0.8867083333333333 23
1761502829779 0.90175 24
1761502851037 0.8672333333333333 25
1761502872959 0.8503833333333334 26
1761502894222 0.86775 27
1761502915166 0.872525 28
1761502936229 0.852925 29
1761502957362 0.8669083333333333 30
1761502978086 0.8759416666666666 31
1761502998674 0.8864416666666667 32
1761503020003 0.8749833333333333 33
1761503042101 0.8891583333333334 34
1761503062687 0.8927583333333333 35
1761503083326 0.8901083333333333 36
1761503104627 0.895925 37
1761503124986 0.9002083333333334 38
1761503145049 0.890125 39
1761503164321 0.894575 40
1761503183076 0.8957916666666667 41
