1761502349684 0.8874205211320284 1
1761502370925 0.4920832813863608 2
1761502393487 0.0 3
1761502414335 0.0 4
1761502432486 0.16282259069941404 5
1761502451788 0.5091634459543698 6
1761502470987 0.0 7
1761502491044 0.8810622116943024 8
1761502513180 0.17865602792669244 9
1761502534103 0.6170053609275652 10
1761502554690 0.871462411170677 11
1761502576595 0.6327141254207704 12
1761502597686 0.6489215808502681 13
1761502618327 0.6985413290113452 14
1761502640304 0.6985413290113452 15
1761502660330 0.7800772970951253 16
1761502680845 0.8658521381373894 17
1761502701400 0.6218675975564144 18
1761502722101 0.7182396209948885 19
1761502743236 0.6817105099114824 20
1761502764699 0.5342226655030545 21
1761502788537 0.6177533973320035 22
1761502809111 0.6072808876698667 23
1761502829779 0.5546689938910361 24
1761502851037 0.6418152350081038 25
1761502872959 0.6754768732078295 26
1761502894222 0.6293479616007979 27
1761502915166 0.6309687071437476 28
1761502936229 0.6706146365789801 29
1761502957362 0.6479241989776836 30
1761502978086 0.629597307068944 31
1761502998674 0.606034160329136 32
1761503020003 0.635830943772597 33
1761503042101 0.5963096870714375 34
1761503062687 0.5945642687944147 35
1761503083326 0.6005485600299214 36
1761503104627 0.5830943772596933 37
1761503124986 0.5706271038523875 38
1761503145049 0.6041640693180401 39
1761503164321 0.5900760503677845 40
1761503183076 0.5868345592818851 41
