1761502349684 14.600703239440918 1
1761502370925 44.779388427734375 2
1761502393487 2.146989345550537 3
1761502414335 607.6975708007812 4
1761502432486 63.671382904052734 5
1761502451788 45.47212219238281 6
1761502470987 23.886810302734375 7
1761502491044 2.6580681800842285 8
1761502513180 9.426366806030273 9
1761502534103 2.430494785308838 10
1761502554690 1.1539416313171387 11
1761502576595 7.221611022949219 12
1761502597686 1.8341424465179443 13
1761502618327 2.1292574405670166 14
1761502640304 1.7448043823242188 15
1761502660330 1.0716310739517212 16
1761502680845 1.0525113344192505 17
1761502701400 1.4350693225860596 18
1761502722101 1.178361177444458 19
1761502743236 1.2067828178405762 20
1761502764699 1.8783037662506104 21
1761502788537 1.16690194606781 22
1761502809111 1.291093349456787 23
1761502829779 1.5093549489974976 24
1761502851037 1.0058870315551758 25
1761502872959 1.0132988691329956 26
1761502894222 1.2734122276306152 27
1761502915166 1.1327451467514038 28
1761502936229 1.1153388023376465 29
1761502957362 1.0990021228790283 30
1761502978086 1.041688323020935 31
1761502998674 1.3631240129470825 32
1761503020003 1.1051387786865234 33
1761503042101 1.1369017362594604 34
1761503062687 1.1922203302383423 35
1761503083326 1.12372887134552 36
1761503104627 1.06964111328125 37
1761503124986 1.1524770259857178 38
1761503145049 1.027670979499817 39
1761503164321 1.0653562545776367 40
1761503183076 1.0373862981796265 41
